66561
36523
57921
95259
52299
96761
72899
84778
31348
71161
5084
48762
70004
48237
41800
85565
43671
3754
10105
36712
38682
55619
81406
77860
28280
24322
20931
2347
86154
71748
40288
22900
42465
94656
5469
65425
5437
28986
51396
42562
3215
55499
91036
85206
4650
65952
22729
27568
8375
65266
88613
92241
28700
43347
79857
64160
41364
19436
25386
91300
41784
26816
70370
44640
49000
50360
61489
20279
2888
16015
93261
92775
21499
75013
13801
34707
94469
38392
10878
73858
7402
88751
82054
9370
85214
89028
79
77053
18136
41615
29573
99139
3
98968
18746
30674
78853
91581
33684
91306
41410
55488
84011
26583
67512
22843
54362
40170
51047
24715
54307
41802
84325
64378
98486
96223
99609
47962
2015
44433
64636
2300
26943
21332
52832
13038
8027
70717
79940
53723
91023
77709
83527
14281
88847
78001
34745
82734
37742
39055
79953
91691
36181
54456
5959
52996
98450
58188
66411
41204
6882
96105
77445
97830
59348
14707
49257
74378
39744
37584
55380
29011
61077
26459
71650
26831
13546
6243
16119
11579
58886
48565
44562
20571
68692
61533
7211
88306
50932
15174
97864
61755
89017
17130
64527
58610
68678
63521
65810
18505
82141
8560
7965
33257
36300
20513
48689
88425
71208
37535
88520
81508
94274
55260
64045
70445
75228
89187
35895
82168
161
91544
65878
74804
2437
92488
17103
64833
75908
72696
95160
18410
43615
48628
23445
10453
45779
31185
68282
43915
52290
14538
75313
5285
60384
67829
50875
8688
88741
54163
60151
44204
50975
23872
77751
22383
86892
82260
91440
31062
89762
63126
83975
34051
47984
30408
97385
55112
97210
60352
17724
5429
64599
67379
44966
72153
6010
96715
22924
92833
49139
28339
8070
15195
20853
89336
7477
75476
74029
39504
98674
25421
85723
66498
47120
20041
87907
4437
46410
26712
80296
22829
12503
64772
82340
39710
33696
16127
48064
46323
62236
57394
33327
91016
47348
43498
39074
93076
79659
80764
72498
57427
13383
49642
30140
49075
23062
78642
81076
6657
61932
21250
87367
19688
41664
18750
36032
29300
18665
60653
20257
79039
31967
91527
57982
28092
42228
19420
62726
33493
96554
15024
62579
83000
30900
35942
58192
66960
98544
252
51114
22801
75970
63497
45598
11917
5872
55320
85867
29909
2058
80227
77596
89839
70380
39381
19351
74838
60076
52566
14127
43750
36107
22105
55397
39859
58620
8175
56718
24336
64432
83601
75480
92634
22395
53421
97719
53737
9485
99130
92747
95965
1655
42922
23300
57244
36327
49799
61098
88043
39266
25152
87687
44895
58938
21077
22042
81882
34394
21539
13920
2804
69380
9317
80333
55121
27109
13105
72282
38053
3227
52684
48706
23974
45632
315
41484
99014
99346
61089
87852
82047
54281
45925
95297
71200
42417
83342
34606
43649
57919
88119
46923
33098
83247
83460
77918
78935
5108
44473
97489
94751
8848
65730
81550
62101
55999
3989
53218
39499
90921
35327
24199
15329
73700
80130
45420
74147
94514
46941
64019
5420
15058
47715
39368
33206
1980
16535
75708
33656
53825
61715
11361
14984
30923
27316
90955
73619
78919
34853
14558
22295
69170
34828
55148
78018
70320
39616
7715
20465
33029
20730
22287
27623
90537
90600
61285
87510
11571
13282
70184
7208
54247
24774
87788
95888
5634
90923
49315
69279
80069
14863
36814
53513
94171
72719
48748
38258
76714
5149
40361
41754
74229
21702
16150
88817
74139
83637
3388
58364
14451
19193
88420
67303
17032
37101
87268
91684
17498
77288
75296
71796
15595
86425
19971
11035
29243
20067
42177
19454
65394
5558
30525
37233
36732
30539
67875
30400
16390
83131
93443
5058
13883
52479
69156
40008
93213
44083
9885
79515
91605
83682
33138
14839
23647
46087
49689
42430
1830
9196
39347
66152
13325
50890
31555
5774
15456
20188
38122
89025
4349
87763
4301
28972
53560
13482
75698
69413
61074
7787
28649
72990
85831
35617
91673
57021
85519
90050
81439
68404
2747
66702
38663
63000
26060
50723
92486
58839
23935
4979
67976
64925
79435
3144
17225
57506
33854
655
81192
342
70133
91222
44355
1888
71702
81586
91694
378
11716
71133
71919
79826
57020
53776
74075
24089
83412
93643
73941
16419
46576
79440
45558
79585
29442
83355
46250
56726
88532
35189
61701
30897
42181
37564
77951
5736
70071
86374
65041
58506
14683
11193
949
86872
97371
46858
58456
91554
88310
36318
58732
43903
52651
10004
37723
74735
80932
75299
98274
59312
58294
76526
99498
4498
75293
81354
88299
79922
47142
68589
60803
51586
22359
55196
9937
55359
87200
39459
24591
70305
41534
58991
2601
65792
16178
79890
43853
54413
48888
4348
6960
48430
26166
92053
37901
63617
12363
36816
33341
54100
33493
78014
14707
76343
45351
72160
73043
5920
72626
68544
91747
21154
75338
48079
12173
68258
30422
39144
20735
2207
27765
69975
74371
48010
33181
15922
29006
44235
21007
15629
33046
56049
53664
26835
75244
76898
52656
70315
44393
23113
77611
72564
69003
69755
68854
57516
3097
10530
85865
87647
18219
6324
12584
12375
51391
39076
59910
80092
16305
48595
21387
93517
48420
93627
65432
19635
30207
64526
62873
30656
22737
32492
54990
7748
59188
76443
43363
38478
81762
10555
42863
98869
92027
82189
27704
22660
42794
93436
53631
176
17951
40865
47562
20188
30452
41639
83114
82558
68727
55140
82749
31940
62712
11071
73242
60705
36651
77806
95615
31808
84297
5046
45586
99498
58318
45989
62351
85145
54261
55158
89891
68159
96030
71715
90047
12322
1029
39183
95322
55515
98048
59692
90257
74407
56308
79412
6257
39869
47345
15884
90045
84845
54874
57268
63734
23075
36361
97946
13168
35679
35668
72591
43974
17512
86215
47715
93940
99789
9807
35575
87119
50050
45219
88823
31044
31780
76777
6739
17560
66099
60553
85280
93387
91328
63758
50486
19237
33876
34972
19081
21283
51022
61773
48555
31929
67587
6061
79555
14435
46074
26167
66513
78046
96633
37855
74637
9379
40004
19253
15524
49035
95899
60032
24256
14814
65857
40828
75447
8551
61085
78588
78046
87242
10058
91418
8731
89800
78186
93208
59483
96384
10480
92040
42054
44931
78519
25719
68974
18201
51256
82398
38624
99446
21594
74668
15017
34191
91932
53183
83841
94971
25305
60245
97373
24016
86986
78340
26296
57173
55050
92212
71909
680
34249
57702
51108
87612
47309
69347
93252
19125
65196
93249
50708
26724
72617
87837
11961
76428
39996
83255
15439
88488
57382
4350
49864
68854
36828
44855
32850
99714
3094
45206
61829
833
60183
65256
81166
89664
37693
92903
