3
79
161
176
252
315
342
378
655
680
833
949
1029
1655
1830
1888
1980
2015
2058
2207
2300
2347
2437
2601
2747
2804
2888
3094
3097
3144
3215
3227
3388
3754
3989
4301
4348
4349
4350
4437
4498
4650
4979
5046
5058
5084
5108
5149
5285
5420
5429
5437
5469
5558
5634
5736
5774
5872
5920
5959
6010
6061
6243
6257
6324
6657
6739
6882
6960
7208
7211
7402
7477
7715
7748
7787
7965
8027
8070
8175
8375
8551
8560
8688
8731
8848
9196
9317
9370
9379
9485
9807
9885
9937
10004
10058
10105
10453
10480
10530
10555
10878
11035
11071
11193
11361
11571
11579
11716
11917
11961
12173
12322
12363
12375
12503
12584
13038
13105
13168
13282
13325
13383
13482
13546
13801
13883
13920
14127
14281
14435
14451
14538
14558
14683
14707
14707
14814
14839
14863
14984
15017
15024
15058
15174
15195
15329
15439
15456
15524
15595
15629
15884
15922
16015
16119
16127
16150
16178
16305
16390
16419
16535
17032
17103
17130
17225
17498
17512
17560
17724
17951
18136
18201
18219
18410
18505
18665
18746
18750
19081
19125
19193
19237
19253
19351
19420
19436
19454
19635
19688
19971
20041
20067
20188
20188
20257
20279
20465
20513
20571
20730
20735
20853
20931
21007
21077
21154
21250
21283
21332
21387
21499
21539
21594
21702
22042
22105
22287
22295
22359
22383
22395
22660
22729
22737
22801
22829
22843
22900
22924
23062
23075
23113
23300
23445
23647
23872
23935
23974
24016
24089
24199
24256
24322
24336
24591
24715
24774
25152
25305
25386
25421
25719
26060
26166
26167
26296
26459
26583
26712
26724
26816
26831
26835
26943
27109
27316
27568
27623
27704
27765
28092
28280
28339
28649
28700
28972
28986
29006
29011
29243
29300
29442
29573
29909
30140
30207
30400
30408
30422
30452
30525
30539
30656
30674
30897
30900
30923
31044
31062
31185
31348
31555
31780
31808
31929
31940
31967
32492
32850
33029
33046
33098
33138
33181
33206
33257
33327
33341
33493
33493
33656
33684
33696
33854
33876
34051
34191
34249
34394
34606
34707
34745
34828
34853
34972
35189
35327
35575
35617
35668
35679
35895
35942
36032
36107
36181
36300
36318
36327
36361
36523
36651
36712
36732
36814
36816
36828
37101
37233
37535
37564
37584
37693
37723
37742
37855
37901
38053
38122
38258
38392
38478
38624
38663
38682
39055
39074
39076
39144
39183
39266
39347
39368
39381
39459
39499
39504
39616
39710
39744
39859
39869
39996
40004
40008
40170
40288
40361
40828
40865
41204
41364
41410
41484
41534
41615
41639
41664
41754
41784
41800
41802
42054
42177
42181
42228
42417
42430
42465
42562
42794
42863
42922
43347
43363
43498
43615
43649
43671
43750
43853
43903
43915
43974
44083
44204
44235
44355
44393
44433
44473
44562
44640
44855
44895
44931
44966
45206
45219
45351
45420
45558
45586
45598
45632
45779
45925
45989
46074
46087
46250
46323
46410
46576
46858
46923
46941
47120
47142
47309
47345
47348
47562
47715
47715
47962
47984
48010
48064
48079
48237
48420
48430
48555
48565
48595
48628
48689
48706
48748
48762
48888
49000
49035
49075
49139
49257
49315
49642
49689
49799
49864
50050
50360
50486
50708
50723
50875
50890
50932
50975
51022
51047
51108
51114
51256
51391
51396
51586
52290
52299
52479
52566
52651
52656
52684
52832
52996
53183
53218
53421
53513
53560
53631
53664
53723
53737
53776
53825
54100
54163
54247
54261
54281
54307
54362
54413
54456
54874
54990
55050
55112
55121
55140
55148
55158
55196
55260
55320
55359
55380
55397
55488
55499
55515
55619
55999
56049
56308
56718
56726
57020
57021
57173
57244
57268
57382
57394
57427
57506
57516
57702
57919
57921
57982
58188
58192
58294
58318
58364
58456
58506
58610
58620
58732
58839
58886
58938
58991
59188
59312
59348
59483
59692
59910
60032
60076
60151
60183
60245
60352
60384
60553
60653
60705
60803
61074
61077
61085
61089
61098
61285
61489
61533
61701
61715
61755
61773
61829
61932
62101
62236
62351
62579
62712
62726
62873
63000
63126
63497
63521
63617
63734
63758
64019
64045
64160
64378
64432
64526
64527
64599
64636
64772
64833
64925
65041
65196
65256
65266
65394
65425
65432
65730
65792
65810
65857
65878
65952
66099
66152
66411
66498
66513
66561
66702
66960
67303
67379
67512
67587
67829
67875
67976
68159
68258
68282
68404
68544
68589
68678
68692
68727
68854
68854
68974
69003
69156
69170
69279
69347
69380
69413
69755
69975
70004
70071
70133
70184
70305
70315
70320
70370
70380
70445
70717
71133
71161
71200
71208
71650
71702
71715
71748
71796
71909
71919
72153
72160
72282
72498
72564
72591
72617
72626
72696
72719
72899
72990
73043
73242
73619
73700
73858
73941
74029
74075
74139
74147
74229
74371
74378
74407
74637
74668
74735
74804
74838
75013
75228
75244
75293
75296
75299
75313
75338
75447
75476
75480
75698
75708
75908
75970
76343
76428
76443
76526
76714
76777
76898
77053
77288
77445
77596
77611
77709
77751
77806
77860
77918
77951
78001
78014
78018
78046
78046
78186
78340
78519
78588
78642
78853
78919
78935
79039
79412
79435
79440
79515
79555
79585
79659
79826
79857
79890
79922
79940
79953
80069
80092
80130
80227
80296
80333
80764
80932
81076
81166
81192
81354
81406
81439
81508
81550
81586
81762
81882
82047
82054
82141
82168
82189
82260
82340
82398
82558
82734
82749
83000
83114
83131
83247
83255
83342
83355
83412
83460
83527
83601
83637
83682
83841
83975
84011
84297
84325
84778
84845
85145
85206
85214
85280
85519
85565
85723
85831
85865
85867
86154
86215
86374
86425
86872
86892
86986
87119
87200
87242
87268
87367
87510
87612
87647
87687
87763
87788
87837
87852
87907
88043
88119
88299
88306
88310
88420
88425
88488
88520
88532
88613
88741
88751
88817
88823
88847
89017
89025
89028
89187
89336
89664
89762
89800
89839
89891
90045
90047
90050
90257
90537
90600
90921
90923
90955
91016
91023
91036
91222
91300
91306
91328
91418
91440
91527
91544
91554
91581
91605
91673
91684
91691
91694
91747
91932
92027
92040
92053
92212
92241
92486
92488
92634
92747
92775
92833
92903
93076
93208
93213
93249
93252
93261
93387
93436
93443
93517
93627
93643
93940
94171
94274
94469
94514
94656
94751
94971
95160
95259
95297
95322
95615
95888
95899
95965
96030
96105
96223
96384
96554
96633
96715
96761
97210
97371
97373
97385
97489
97719
97830
97864
97946
98048
98274
98450
98486
98544
98674
98869
98968
99014
99130
99139
99346
99446
99498
99498
99609
99714
99789
